0.000000000000000000e+00
1.847517256315594580e-05
4.552293231853312815e-05
7.922975284217309263e-05
1.185491128947731260e-04
1.628030493318809396e-04
2.115084952342280379e-04
2.642995488322215434e-04
3.208869957003316915e-04
3.810349544928529585e-04
4.445463617095383882e-04
5.112534251259691831e-04
5.810110593301996999e-04
6.536922065965874822e-04
7.291844012285195013e-04
8.073871833570853878e-04
8.882101104958898445e-04
9.715712005374665819e-04
1.057395693059939119e-03
1.145615050024535947e-03
1.236166139580134257e-03
1.328990562042193548e-03
1.424034087755123067e-03
1.521246184069854164e-03
1.620579614080555099e-03
1.721990093720488467e-03
1.825435996750671402e-03
1.930878099379275447e-03
2.038279357925985337e-03
2.147604714234464113e-03
2.258820924537332901e-03
2.371896408263214542e-03
2.486801113896515772e-03
2.603506399495970815e-03
2.721984925876063527e-03
2.842210560777633926e-03
2.964158292616474611e-03
3.087804152613972224e-03
3.213125144291305735e-03
3.340099179455964431e-03
3.468705019931994735e-03
3.598922224388255431e-03
3.730731099705430261e-03
3.864112656395756601e-03
3.999048567651518511e-03
4.135521131651294542e-03
4.273513236798301071e-03
4.413008329604031083e-03
4.553990384963992055e-03
4.696443878601280937e-03
4.840353761478941898e-03
4.985705436003928272e-03
5.132484733864562526e-03
5.280677895360160259e-03
5.430271550096082804e-03
5.581252698930460471e-03
5.733608697070118922e-03
5.887327238223389290e-03
6.042396339726327156e-03
6.198804328566797500e-03
6.356539828237952640e-03
6.515591746358854325e-03
6.675949263005662854e-03
6.837601819701777384e-03
7.000539109019860914e-03
7.164751064752727071e-03
7.330227852613658418e-03
7.496959861430071460e-03
7.664937694797389900e-03
7.834152163162631452e-03
8.004594276309702841e-03
8.176255236220536515e-03
8.349126430288287756e-03
8.523199424860525633e-03
8.698465959092099853e-03
8.874917939088851349e-03
9.052547432324675389e-03
9.231346662315776525e-03
9.411308003537057973e-03
9.592423976566699997e-03
9.774687243445876958e-03
9.958090603241554969e-03
1.014262698780103548e-02
1.032828945768777748e-02
1.051507119828860339e-02
1.070296551608313287e-02
1.089196583506687327e-02
1.108206569331987752e-02
1.127325873971347057e-02
1.146553873074795948e-02
1.165889952751473883e-02
1.185333509277651173e-02
1.204883948815982549e-02
1.224540687145442806e-02
1.244303149401424294e-02
1.264170769825512068e-02
1.284142991524476682e-02
1.304219266238054731e-02
1.324399054115106208e-02
1.344681823497764946e-02
1.365067050713220619e-02
1.385554219872786076e-02
1.406142822677926632e-02
1.426832358232942195e-02
1.447622332864016877e-02
1.468512259944352617e-02
1.489501659725131315e-02
1.510590059172057902e-02
1.531776991807246371e-02
1.553061997556229486e-02
1.574444622599876359e-02
1.595924419231024155e-02
1.617500945715624056e-02
1.639173766158225076e-02
1.660942450371625384e-02
1.682806573750518508e-02
1.704765717148986823e-02
1.726819466761685476e-02
1.748967414008581814e-02
1.771209155423109430e-02
1.793544292543608823e-02
1.815972431807932885e-02
1.838493184451098564e-02
1.861106166405872980e-02
1.883810998206182988e-02
1.906607304893253446e-02
1.929494715924367707e-02
1.952472865084158710e-02
1.975541390398348821e-02
1.998699934049837437e-02
2.021948142297069068e-02
2.045285665394596178e-02
2.068712157515757363e-02
2.092227276677407349e-02
2.115830684666627354e-02
2.139522046969339480e-02
2.163301032700779350e-02
2.187167314537745780e-02
2.211120568652585883e-02
2.235160474648852785e-02
2.259286715498572476e-02
2.283498977481085435e-02
2.307796950123403024e-02
2.332180326142024515e-02
2.356648801386183878e-02
2.381202074782471853e-02
2.405839848280787521e-02
2.430561826801588832e-02
2.455367718184396642e-02
2.480257233137508205e-02
2.505230085188898947e-02
2.530285990638258056e-02
2.555424668510140537e-02
2.580645840508194802e-02
2.605949230970430741e-02
2.631334566825506080e-02
2.656801577550000140e-02
2.682349995126636147e-02
2.707979554003439246e-02
2.733689991053798313e-02
2.759481045537396163e-02
2.785352459062004349e-02
2.811303975546094666e-02
2.837335341182263895e-02
2.863446304401443335e-02
2.889636615837860856e-02
2.915906028294753399e-02
2.942254296710798689e-02
2.968681178127242914e-02
2.995186431655717449e-02
3.021769818446720310e-02
3.048431101658738776e-02
3.075170046428006565e-02
3.101986419838877879e-02
3.128879990894788132e-02
3.155850530489811429e-02
3.182897811380770714e-02
3.210021608159911027e-02
3.237221697228109124e-02
3.264497856768602824e-02
3.291849866721240081e-02
3.319277508757222106e-02
3.346780566254334288e-02
3.374358824272651047e-02
3.402012069530707672e-02
3.429740090382117634e-02
3.457542676792633995e-02
3.485419620317644490e-02
3.513370714080076007e-02
3.541395752748721648e-02
3.569494532516957058e-02
3.597666851081851580e-02
3.625912507623663822e-02
3.654231302785702906e-02
3.682623038654557479e-02
3.711087518740681379e-02
3.739624547959322087e-02
3.768233932611789183e-02
3.796915480367060031e-02
3.825669000243699797e-02
3.854494302592107596e-02
3.883391199077061706e-02
3.912359502660577720e-02
3.941399027585058140e-02
3.970509589356725766e-02
3.999691004729347826e-02
4.028943091688237665e-02
4.058265669434515943e-02
4.087658558369648698e-02
4.117121580080240761e-02
4.146654557323077583e-02
4.176257314010419636e-02
4.205929675195543838e-02
4.235671467058510498e-02
4.265482516892177278e-02
4.295362653088428267e-02
4.325311705124633421e-02
4.355329503550327969e-02
4.385415879974095127e-02
4.415570667050670167e-02
4.445793698468245708e-02
4.476084808935971993e-02
4.506443834171661861e-02
4.536870610889687933e-02
4.567364976789061587e-02
4.597926770541704844e-02
4.628555831780902657e-02
4.659252001089927292e-02
4.690015119990845888e-02
4.720845030933491088e-02
4.751741577284601670e-02
4.782704603317135261e-02
4.813733954199726078e-02
4.844829475986314749e-02
4.875991015605931483e-02
4.907218420852622193e-02
4.938511540375531417e-02
4.969870223669133752e-02
5.001294321063598503e-02
5.032783683715308376e-02
5.064338163597503772e-02
5.095957613491070015e-02
5.127641886975459889e-02
5.159390838419736919e-02
5.191204322973756724e-02
5.223082196559471202e-02
5.255024315862352052e-02
5.287030538322939899e-02
5.319100722128515535e-02
5.351234726204878722e-02
5.383432410208248420e-02
5.415693634517281668e-02
5.448018260225185455e-02
5.480406149131955562e-02
5.512857163736709781e-02
5.545371167230140480e-02
5.577948023487049739e-02
5.610587597059004533e-02
5.643289753167081424e-02
5.676054357694711866e-02
5.708881277180628822e-02
5.741770378811893866e-02
5.774721530417032539e-02
5.807734600459252966e-02
5.840809458029754681e-02
5.873945972841126961e-02
5.907144015220840844e-02
5.940403456104806357e-02
5.973724167031037313e-02
6.007106020133382712e-02
6.040548888135345573e-02
6.074052644343985730e-02
6.107617162643885766e-02
6.141242317491210634e-02
6.174927983907836648e-02
6.208674037475551966e-02
6.242480354330335462e-02
6.276346811156710559e-02
6.310273285182156633e-02
6.344259654171605090e-02
6.378305796421998575e-02
6.412411590756916802e-02
6.446576916521266909e-02
6.480801653576052923e-02
6.515085682293186853e-02
6.549428883550385827e-02
6.583831138726115029e-02
6.618292329694602794e-02
6.652812338820918159e-02
6.687391048956091433e-02
6.722028343432311093e-02
6.756724106058173418e-02
6.791478221113986247e-02
6.826290573347128243e-02
6.861161047967474780e-02
6.896089530642858512e-02
6.931075907494597954e-02
6.966120065093078795e-02
7.001221890453378227e-02
7.036381271030957285e-02
7.071598094717375382e-02
7.106872249836082567e-02
7.142203625138250633e-02
7.177592109798647257e-02
7.213037593411561477e-02
7.248539965986786071e-02
7.284099117945622148e-02
7.319714940116957280e-02
7.355387323733365845e-02
7.391116160427267656e-02
7.426901342227128222e-02
7.462742761553690929e-02
7.498640311216264731e-02
7.534593884409050701e-02
7.570603374707504662e-02
7.606668676064742840e-02
7.642789682807994700e-02
7.678966289635077991e-02
7.715198391610932072e-02
7.751485884164177609e-02
7.787828663083715131e-02
7.824226624515373540e-02
7.860679664958571122e-02
7.897187681263036219e-02
7.933750570625550114e-02
7.970368230586731551e-02
8.007040559027850390e-02
8.043767454167689845e-02
8.080548814559415649e-02
8.117384539087509066e-02
8.154274526964709613e-02
8.191218677729004971e-02
8.228216891240641706e-02
8.265269067679187343e-02
8.302375107540589660e-02
8.339534911634302605e-02
8.376748381080420525e-02
8.414015417306848488e-02
8.451335922046511462e-02
8.488709797334571816e-02
8.526136945505696785e-02
8.563617269191339809e-02
8.601150671317060736e-02
8.638737055099865447e-02
8.676376324045584343e-02
8.714068381946257769e-02
8.751813132877570012e-02
8.789610481196295788e-02
8.827460331537775873e-02
8.865362588813431588e-02
8.903317158208273741e-02
8.941323945178471233e-02
8.979382855448923839e-02
9.017493795010864122e-02
9.055656670119482943e-02
9.093871387291588282e-02
9.132137853303266828e-02
9.170455975187591369e-02
9.208825660232336507e-02
9.247246815977722134e-02
9.285719350214187429e-02
9.324243170980164863e-02
9.362818186559900002e-02
9.401444305481279629e-02
9.440121436513684849e-02
9.478849488665862244e-02
9.517628371183832481e-02
9.556457993548785057e-02
9.595338265475028550e-02
9.634269096907943641e-02
9.673250398021958352e-02
9.712282079218541309e-02
9.751364051124226939e-02
9.790496224588636498e-02
9.829678510682540726e-02
9.868910820695926678e-02
9.908193066136092297e-02
9.947525158725760430e-02
9.986907010401192830e-02
1.002633853331034441e-01
1.006581963981102723e-01
1.010535024246908831e-01
1.014493025405660553e-01
1.018455958755010993e-01
1.022423815612880926e-01
1.026396587317284226e-01
1.030374265226154107e-01
1.034356840717171322e-01
1.038344305187594574e-01
1.042336650054090930e-01
1.046333866752569425e-01
1.050335946738015364e-01
1.054342881484326699e-01
1.058354662484151110e-01
1.062371281248726401e-01
1.066392729307719389e-01
1.070418998209069356e-01
1.074450079518831230e-01
1.078485964821020299e-01
1.082526645717459823e-01
1.086572113827627417e-01
1.090622360788505579e-01
1.094677378254431815e-01
1.098737157896950839e-01
1.102801691404668022e-01
1.106870970483104788e-01
1.110944986854553451e-01
1.115023732257935801e-01
1.119107198448661411e-01
1.123195377198487610e-01
1.127288260295380984e-01
1.131385839543380400e-01
1.135488106762459898e-01
1.139595053788394208e-01
1.143706672472625391e-01
1.147822954682129887e-01
1.151943892299287925e-01
1.156069477221752517e-01
1.160199701362321090e-01
1.164334556648807806e-01
1.168474035023916863e-01
1.172618128445116620e-01
1.176766828884516641e-01
1.180920128328742796e-01
1.185078018778816106e-01
1.189240492250031866e-01
1.193407540771839054e-01
1.197579156387722776e-01
1.201755331155085066e-01
1.205936057145128998e-01
1.210121326442742951e-01
1.214311131146385836e-01
1.218505463367973302e-01
1.222704315232766431e-01
1.226907678879258085e-01
1.231115546459064097e-01
1.235327910136812674e-01
1.239544762090036001e-01
1.243766094509063530e-01
1.247991899596913729e-01
1.252222169569189303e-01
1.256456896653972144e-01
1.260696073091719660e-01
1.264939691135161526e-01
1.269187743049198236e-01
1.273440221110799242e-01
1.277697117608903032e-01
1.281958424844317768e-01
1.286224135129623025e-01
1.290494240789071823e-01
1.294768734158494861e-01
1.299047607585203379e-01
1.303330853427894509e-01
1.307618464056557461e-01
1.311910431852380265e-01
1.316206749207657067e-01
1.320507408525695980e-01
1.324812402220728602e-01
1.329121722717820364e-01
1.333435362452780326e-01
1.337753313872073468e-01
1.342075569432732707e-01
1.346402121602272017e-01
1.350732962858599839e-01
1.355068085689934143e-01
1.359407482594717498e-01
1.363751146081533805e-01
1.368099068669024199e-01
1.372451242885805445e-01
1.376807661270387229e-01
1.381168316371092497e-01
1.385533200745976135e-01
1.389902306962746414e-01
1.394275627598685063e-01
1.398653155240569268e-01
1.403034882484595347e-01
1.407420801936300481e-01
1.411810906210488326e-01
1.416205187931151854e-01
1.420603639731399526e-01
1.425006254253381455e-01
1.429413024148215305e-01
1.433823942075913571e-01
1.438239000705312798e-01
1.442658192714000032e-01
1.447081510788243430e-01
1.451508947622921486e-01
1.455940495921453637e-01
1.460376148395731710e-01
1.464815897766050534e-01
1.469259736761041046e-01
1.473707658117602848e-01
1.478159654580837590e-01
1.482615718903983471e-01
1.487075843848350010e-01
1.491540022183252268e-01
1.496008246685947285e-01
1.500480510141571078e-01
1.504956805343074522e-01
1.509437125091161735e-01
1.513921462194228185e-01
1.518409809468298510e-01
1.522902159736966299e-01
1.527398505831334408e-01
1.531898840589954180e-01
1.536403156858767161e-01
1.540911447491045971e-01
1.545423705347336307e-01
1.549939923295400590e-01
1.554460094210158572e-01
1.558984210973632933e-01
1.563512266474892387e-01
1.568044253609996441e-01
1.572580165281940168e-01
1.577119994400600078e-01
1.581663733882680001e-01
1.586211376651657790e-01
1.590762915637732033e-01
1.595318343777769599e-01
1.599877654015255113e-01
1.604440839300236565e-01
1.609007892589276734e-01
1.613578806845401836e-01
1.618153575038051295e-01
1.622732190143028053e-01
1.627314645142450000e-01
1.631900933024700850e-01
1.636491046784381564e-01
1.641084979422263723e-01
1.645682723945240400e-01
1.650284273366282028e-01
1.654889620704386999e-01
1.659498758984537248e-01
1.664111681237652740e-01
1.668728380500545949e-01
1.673348849815876893e-01
1.677973082232109836e-01
1.682601070803468601e-01
1.687232808589893829e-01
1.691868288656998842e-01
1.696507504076028017e-01
1.701150447923815978e-01
1.705797113282742361e-01
1.710447493240693229e-01
1.715101580891019162e-01
1.719759369332495014e-01
1.724420851669279664e-01
1.729086021010876328e-01
1.733754870472092868e-01
1.738427393173003488e-01
1.743103582238909599e-01
1.747783430800301241e-01
1.752466931992821553e-01
1.757154078957225696e-01
1.761844864839346991e-01
1.766539282790058341e-01
1.771237325965236975e-01
1.775938987525727819e-01
1.780644260637308796e-01
1.785353138470654466e-01
1.790065614201302169e-01
1.794781681009617047e-01
1.799501332080757909e-01
1.804224560604643368e-01
1.808951359775919643e-01
1.813681722793925588e-01
1.818415642862661052e-01
1.823153113190754404e-01
1.827894126991430335e-01
1.832638677482477940e-01
1.837386757886220190e-01
1.842138361429481730e-01
1.846893481343559185e-01
1.851652110864190626e-01
1.856414243231524208e-01
1.861179871690091525e-01
1.865948989488774856e-01
1.870721589880779689e-01
1.875497666123605855e-01
1.880277211479019217e-01
1.885060219213023358e-01
1.889846682595832106e-01
1.894636594901841220e-01
1.899429949409602303e-01
1.904226739401795043e-01
1.909026958165200571e-01
1.913830598990677312e-01
1.918637655173131840e-01
1.923448120011495288e-01
1.928261986808696982e-01
1.933079248871640565e-01
1.937899899511177915e-01
1.942723932042085266e-01
1.947551339783039348e-01
1.952382116056592676e-01
1.957216254189150795e-01
1.962053747510947854e-01
1.966894589356025791e-01
1.971738773062208516e-01
1.976586291971081100e-01
1.981437139427967842e-01
1.986291308781909237e-01
1.991148793385641713e-01
1.996009586595574592e-01
2.000873681771770385e-01
2.005741072277923420e-01
2.010611751481338749e-01
2.015485712752911884e-01
2.020362949467110758e-01
2.025243455001952686e-01
2.030127222738986881e-01
2.035014246063274468e-01
2.039904518363370167e-01
2.044798033031302587e-01
2.049694783462556180e-01
2.054594763056053208e-01
2.059497965214135140e-01
2.064404383342545168e-01
2.069314010850410168e-01
2.074226841150225431e-01
2.079142867657834681e-01
2.084062083792415365e-01
2.088984482976460888e-01
2.093910058635765348e-01
2.098838804199406605e-01
2.103770713099731016e-01
2.108705778772337613e-01
2.113643994656062286e-01
2.118585354192963344e-01
2.123529850828305698e-01
2.128477478010548096e-01
2.133428229191326186e-01
2.138382097825439476e-01
2.143339077370837453e-01
2.148299161288605430e-01
2.153262343042951221e-01
2.158228616101191821e-01
2.163197973933739804e-01
2.168170410014091110e-01
2.173145917818811446e-01
2.178124490827524629e-01
2.183106122522900649e-01
2.188090806390642074e-01
2.193078535919473493e-01
2.198069304601129037e-01
2.203063105930341825e-01
2.208059933404832031e-01
2.213059780525296338e-01
2.218062640795396834e-01
2.223068507721750187e-01
2.228077374813917932e-01
2.233089235584395371e-01
2.238104083548601575e-01
2.243121912224871617e-01
2.248142715134443803e-01
2.253166485801452179e-01
2.258193217752917092e-01
2.263222904518735479e-01
2.268255539631672812e-01
2.273291116627353670e-01
2.278329629044253957e-01
2.283371070423692306e-01
2.288415434309822027e-01
2.293462714249622503e-01
2.298512903792893636e-01
2.303565996492245582e-01
2.308621985903092366e-01
2.313680865583645496e-01
2.318742629094906194e-01
2.323807270000658454e-01
2.328874781867463217e-01
2.333945158264650599e-01
2.339018392764314891e-01
2.344094478941307902e-01
2.349173410373232018e-01
2.354255180640437151e-01
2.359339783326011575e-01
2.364427212015779156e-01
2.369517460298292966e-01
2.374610521764830007e-01
2.379706390009387051e-01
2.384805058628675367e-01
2.389906521222115998e-01
2.395010771391835325e-01
2.400117802742661455e-01
2.405227608882118395e-01
2.410340183420425497e-01
2.415455519970489406e-01
2.420573612147902676e-01
2.425694453570940434e-01
2.430818037860556224e-01
2.435944358640379503e-01
2.441073409536712036e-01
2.446205184178525394e-01
2.451339676197457629e-01
2.456476879227811883e-01
2.461616786906552223e-01
2.466759392873303924e-01
2.471904690770348190e-01
2.477052674242622432e-01
2.482203336937717497e-01
2.487356672505876276e-01
2.492512674599992040e-01
2.497671336875606773e-01
2.502832652990910622e-01
2.507996616606740226e-01
2.513163221386577328e-01
2.518332460996548505e-01
2.523504329105425437e-01
2.528678819384621579e-01
2.533855925508194384e-01
2.539035641152843636e-01
2.544217959997911449e-01
2.549402875725382822e-01
2.554590382019884531e-01
2.559780472568687348e-01
2.564973141061703821e-01
2.570168381191491047e-01
2.575366186653249567e-01
2.580566551144825582e-01
2.585769468366710955e-01
2.590974932022043764e-01
2.596182935816610526e-01
2.601393473458846195e-01
2.606606538659836936e-01
2.611822125133321237e-01
2.617040226595689911e-01
2.622260836765989978e-01
2.627483949365925220e-01
2.632709558119858961e-01
2.637937656754815174e-01
2.643168239000482367e-01
2.648401298589213027e-01
2.653636829256029173e-01
2.658874824738622911e-01
2.664115278777359763e-01
2.669358185115281445e-01
2.674603537498108641e-01
2.679851329674244331e-01
2.685101555394776018e-01
2.690354208413480164e-01
2.695609282486823854e-01
2.700866771373970909e-01
2.706126668836782434e-01
2.711388968639822372e-01
2.716653664550360281e-01
2.721920750338375772e-01
2.727190219776562397e-01
2.732462066640332088e-01
2.737736284707817935e-01
2.743012867759879736e-01
2.748291809580107881e-01
2.753573103954827794e-01
2.758856744673106043e-01
2.764142725526751998e-01
2.769431040310324499e-01
2.774721682821136293e-01
2.780014646859259586e-01
2.785309926227531041e-01
2.790607514731555661e-01
2.795907406179712895e-01
2.801209594383162194e-01
2.806514073155848554e-01
2.811820836314506411e-01
2.817129877678669070e-01
2.822441191070669264e-01
2.827754770315649147e-01
2.833070609241563065e-01
2.838388701679186443e-01
2.843709041462119669e-01
2.849031622426795307e-01
2.854356438412483654e-01
2.859683483261299397e-01
2.865012750818208276e-01
2.870344234931032079e-01
2.875677929450459192e-01
2.881013828230045704e-01
2.886351925126225959e-01
2.891692213998318106e-01
2.897034688708531314e-01
2.902379343121972433e-01
2.907726171106652657e-01
2.913075166533496407e-01
2.918426323276345768e-01
2.923779635211970485e-01
2.929135096220072954e-01
2.934492700183298775e-01
2.939852440987240079e-01
2.945214312520446076e-01
2.950578308674429717e-01
2.955944423343676575e-01
2.961312650425650395e-01
2.966682983820802533e-01
2.972055417432579727e-01
2.977429945167432424e-01
2.982806560934821438e-01
2.988185258647226838e-01
2.993566032220158490e-01
2.998948875572159389e-01
3.004333782624818427e-01
3.009720747302775945e-01
3.015109763533734832e-01
3.020500825248466081e-01
3.025893926380819887e-01
3.031289060867733420e-01
3.036686222649238598e-01
3.042085405668472631e-01
3.047486603871684685e-01
3.052889811208248094e-01
3.058295021630665911e-01
3.063702229094581453e-01
3.069111427558786631e-01
3.074522610985233051e-01
3.079935773339038674e-01
3.085350908588498919e-01
3.090768010705094992e-01
3.096187073663503320e-01
3.101608091441605541e-01
3.107031058020497949e-01
3.112455967384499256e-01
3.117882813521164476e-01
3.123311590421288808e-01
3.128742292078921516e-01
3.134174912491374254e-01
3.139609445659231057e-01
3.145045885586357781e-01
3.150484226279912092e-01
3.155924461750354015e-01
3.161366586011455371e-01
3.166810593080309766e-01
3.172256476977342587e-01
3.177704231726322659e-01
3.183153851354370012e-01
3.188605329891966433e-01
3.194058661372968233e-01
3.199513839834613460e-01
3.204970859317534115e-01
3.210429713865765589e-01
3.215890397526757760e-01
3.221352904351385549e-01
3.226817228393958903e-01
3.232283363712232238e-01
3.237751304367418870e-01
3.243221044424197119e-01
3.248692577950723082e-01
3.254165899018642283e-01
3.259641001703098007e-01
3.265117880082744062e-01
3.270596528239755330e-01
3.276076940259837755e-01
3.281559110232239451e-01
3.287043032249762353e-01
3.292528700408772213e-01
3.298016108809211921e-01
3.303505251554608169e-01
3.308996122752086433e-01
3.314488716512380417e-01
3.319983026949843152e-01
3.325479048182458652e-01
3.330976774331853574e-01
3.336476199523306096e-01
3.341977317885760357e-01
3.347480123551835884e-01
3.352984610657837594e-01
3.358490773343771885e-01
3.363998605753352189e-01
3.369508102034013408e-01
3.375019256336923568e-01
3.380532062816993810e-01
3.386046515632891163e-01
3.391562608947049640e-01
3.397080336925681343e-01
3.402599693738788122e-01
3.408120673560173786e-01
3.413643270567453536e-01
3.419167478942070071e-01
3.424693292869299688e-01
3.430220706538267827e-01
3.435749714141959066e-01
3.441280309877229326e-01
3.446812487944817538e-01
3.452346242549357291e-01
3.457881567899388497e-01
3.463418458207369044e-01
3.468956907689687008e-01
3.474496910566671759e-01
3.480038461062607280e-01
3.485581553405742161e-01
3.491126181828302366e-01
3.496672340566502890e-01
3.502220023860559417e-01
3.507769225954701087e-01
3.513319941097181043e-01
3.518872163540289755e-01
3.524425887540366120e-01
3.529981107357809678e-01
3.535537817257092263e-01
3.541096011506769670e-01
3.546655684379496076e-01
3.552216830152031823e-01
3.557779443105258399e-01
3.563343517524190651e-01
3.568909047697986781e-01
3.574476027919961663e-01
3.580044452487599060e-01
3.585614315702563282e-01
3.591185611870710837e-01
3.596758335302103204e-01
3.602332480311018492e-01
3.607908041215964756e-01
3.613485012339688884e-01
3.619063388009192139e-01
3.624643162555740150e-01
3.630224330314876235e-01
3.635806885626432505e-01
3.641390822834543184e-01
3.646976136287654602e-01
3.652562820338540184e-01
3.658150869344309886e-01
3.663740277666422962e-01
3.669331039670702954e-01
3.674923149727345462e-01
3.680516602210932020e-01
3.686111391500443424e-01
3.691707511979269718e-01
3.697304958035224631e-01
3.702903724060555568e-01
3.708503804451956376e-01
3.714105193610580669e-01
3.719707885942052372e-01
3.725311875856477939e-01
3.730917157768460224e-01
3.736523726097108478e-01
3.742131575266050558e-01
3.747740699703446809e-01
3.753351093842000052e-01
3.758962752118969464e-01
3.764575668976181677e-01
3.770189838860042997e-01
3.775805256221551054e-01
3.781421915516307575e-01
3.787039811204529483e-01
3.792658937751063331e-01
3.798279289625394184e-01
3.803900861301658942e-01
3.809523647258659107e-01
3.815147641979872439e-01
3.820772839953464062e-01
3.826399235672298671e-01
3.832026823633953860e-01
3.837655598340731222e-01
3.843285554299667450e-01
3.848916686022546552e-01
3.854548988025914835e-01
3.860182454831088128e-01
3.865817080964166763e-01
3.871452860956045572e-01
3.877089789342428316e-01
3.882727860663836572e-01
3.888367069465624160e-01
3.894007410297987692e-01
3.899648877715978790e-01
3.905291466279515178e-01
3.910935170553392903e-01
3.916579985107299655e-01
3.922225904515823647e-01
3.927872923358468049e-01
3.933521036219660982e-01
3.939170237688767728e-01
3.944820522360102943e-01
3.950471884832942315e-01
3.956124319711533110e-01
3.961777821605107497e-01
3.967432385127892536e-01
3.973088004899121839e-01
3.978744675543051112e-01
3.984402391688963152e-01
3.990061147971185052e-01
3.995720939029095975e-01
4.001381759507141034e-01
4.007043604054841834e-01
4.012706467326808690e-01
4.018370343982750614e-01
4.024035228687488086e-01
4.029701116110964154e-01
4.035368000928256094e-01
4.041035877819584843e-01
4.046704741470331101e-01
4.052374586571040882e-01
4.058045407817439942e-01
4.063717199910444888e-01
4.069389957556174275e-01
4.075063675465960267e-01
4.080738348356358070e-01
4.086413970949159258e-01
4.092090537971402320e-01
4.097768044155382650e-01
4.103446484238664760e-01
4.109125852964094494e-01
4.114806145079807354e-01
4.120487355339241820e-01
4.126169478501148791e-01
4.131852509329603795e-01
4.137536442594017538e-01
4.143221273069147004e-01
4.148906995535105446e-01
4.154593604777374605e-01
4.160281095586814692e-01
4.165969462759675501e-01
4.171658701097606947e-01
4.177348805407670729e-01
4.183039770502349763e-01
4.188731591199559845e-01
4.194424262322658525e-01
4.200117778700461213e-01
4.205812135167243948e-01
4.211507326562759501e-01
4.217203347732246255e-01
4.222900193526438750e-01
4.228597858801578235e-01
4.234296338419422656e-01
4.239995627247258314e-01
4.245695720157909303e-01
4.251396612029748612e-01
4.257098297746707560e-01
4.262800772198286348e-01
4.268504030279564598e-01
4.274208066891212465e-01
4.279912876939498956e-01
4.285618455336303589e-01
4.291324796999125835e-01
4.297031896851095656e-01
4.302739749820983506e-01
4.308448350843210317e-01
4.314157694857856939e-01
4.319867776810675242e-01
4.325578591653095883e-01
4.331290134342243303e-01
4.337002399840939604e-01
4.342715383117716765e-01
4.348429079146827747e-01
4.354143482908254259e-01
4.359858589387717309e-01
4.365574393576687751e-01
4.371290890472394608e-01
4.377008075077835625e-01
4.382725942401786146e-01
4.388444487458809107e-01
4.394163705269263920e-01
4.399883590859317573e-01
4.405604139260952401e-01
4.411325345511976082e-01
4.417047204656031067e-01
4.422769711742604026e-01
4.428492861827034721e-01
4.434216649970526003e-01
4.439941071240151582e-01
4.445666120708867131e-01
4.451391793455517498e-01
4.457118084564849481e-01
4.462844989127514594e-01
4.468572502240083510e-01
4.474300619005053270e-01
4.480029334530856167e-01
4.485758643931868073e-01
4.491488542328418432e-01
4.497219024846798585e-01
4.502950086619270653e-01
4.508681722784075863e-01
4.514413928485443983e-01
4.520146698873601654e-01
4.525880029104780156e-01
4.531613914341225402e-01
4.537348349751206267e-01
4.543083330509021800e-01
4.548818851795011220e-01
4.554554908795561685e-01
4.560291496703116620e-01
4.566028610716184044e-01
4.571766246039344894e-01
4.577504397883260245e-01
4.583243061464684631e-01
4.588982232006466599e-01
4.594721904737560925e-01
4.600462074893036934e-01
4.606202737714085726e-01
4.611943888448027939e-01
4.617685522348322635e-01
4.623427634674574516e-01
4.629170220692541693e-01
4.634913275674144018e-01
4.640656794897470294e-01
4.646400773646787163e-01
4.652145207212545208e-01
4.657890090891387835e-01
4.663635419986158492e-01
4.669381189805907884e-01
4.675127395665902297e-01
4.680874032887630265e-01
4.686621096798810338e-01
4.692368582733398852e-01
4.698116486031597150e-01
4.703864802039856574e-01
4.709613526110892345e-01
4.715362653603681897e-01
4.721112179883478754e-01
4.726862100321816418e-01
4.732612410296516137e-01
4.738363105191695235e-01
4.744114180397772107e-01
4.749865631311475100e-01
4.755617453335847511e-01
4.761369641880255910e-01
4.767122192360396249e-01
4.772875100198301079e-01
4.778628360822345655e-01
4.784381969667255152e-01
4.790135922174110772e-01
4.795890213790357515e-01
4.801644839969809175e-01
4.807399796172656115e-01
4.813155077865470810e-01
4.818910680521214518e-01
4.824666599619243934e-01
4.830422830645317300e-01
4.836179369091599400e-01
4.841936210456672662e-01
4.847693350245536603e-01
4.853450783969617266e-01
4.859208507146773881e-01
4.864966515301303862e-01
4.870724803963949467e-01
4.876483368671902796e-01
4.882242204968812449e-01
4.888001308404789635e-01
4.893760674536413169e-01
4.899520298926735018e-01
4.905280177145287523e-01
4.911040304768087839e-01
4.916800677377643480e-01
4.922561290562958991e-01
4.928322139919539824e-01
4.934083221049399559e-01
4.939844529561063236e-01
4.945606061069575676e-01
4.951367811196503710e-01
4.957129775569943941e-01
4.962891949824524973e-01
4.968654329601419062e-01
4.974416910548338233e-01
4.980179688319545384e-01
4.985942658575858166e-01
4.991705816984653432e-01
4.997469159219872781e-01
5.003232680962026446e-01
5.008996377898200514e-01
5.014760245722058585e-01
5.020524280133847883e-01
5.026288476840404806e-01
5.032052831555159367e-01
5.037817339998139632e-01
5.043581997895973945e-01
5.049346800981900918e-01
5.055111744995767209e-01
5.060876825684037517e-01
5.066642038799795689e-01
5.072407380102751384e-01
5.078172845359242293e-01
5.083938430342239689e-01
5.089704130831350648e-01
5.095469942612826930e-01
5.101235861479563871e-01
5.107001883231105932e-01
5.112768003673652251e-01
5.118534218620058862e-01
5.124300523889844250e-01
5.130066915309192677e-01
5.135833388710956404e-01
5.141599939934661245e-01
5.147366564826509894e-01
5.153133259239385255e-01
5.158900019032854889e-01
5.164666840073173226e-01
5.170433718233287124e-01
5.176200649392836972e-01
5.181967629438161138e-01
5.187734654262300404e-01
5.193501719765000191e-01
5.199268821852713884e-01
5.205035956438607281e-01
5.210803119442558584e-01
5.216570306791165068e-01
5.222337514417746407e-01
5.228104738262344675e-01
5.233871974271727678e-01
5.239639218399395615e-01
5.245406466605581075e-01
5.251173714857251262e-01
5.256940959128112434e-01
5.262708195398613231e-01
5.268475419655944680e-01
5.274242627894045743e-01
5.280009816113605536e-01
5.285776980322063334e-01
5.291544116533614117e-01
5.297311220769209683e-01
5.303078289056561978e-01
5.308845317430144206e-01
5.314612301931194160e-01
5.320379238607715333e-01
5.326146123514481356e-01
5.331912952713037113e-01
5.337679722271699845e-01
5.343446428265562487e-01
5.349213066776493664e-01
5.354979633893146573e-01
5.360746125710950105e-01
5.366512538332121052e-01
5.372278867865658558e-01
5.378045110427349673e-01
5.383811262139771570e-01
5.389577319132291544e-01
5.395343277541068128e-01
5.401109133509056637e-01
5.406874883186004732e-01
5.412640522728461301e-01
5.418406048299769795e-01
5.424171456070078223e-01
5.429936742216332490e-01
5.435701902922284168e-01
5.441466934378489384e-01
5.447231832782308825e-01
5.452996594337909952e-01
5.458761215256269228e-01
5.464525691755173220e-01
5.470290020059217495e-01
5.476054196399808838e-01
5.481818217015170802e-01
5.487582078150335940e-01
5.493345776057152463e-01
5.499109306994285351e-01
5.504872667227214134e-01
5.510635853028236220e-01
5.516398860676466898e-01
5.522161686457840446e-01
5.527924326665109023e-01
5.533686777597844886e-01
5.539449035562442614e-01
5.545211096872114664e-01
5.550972957846898037e-01
5.556734614813648720e-01
5.562496064106047244e-01
5.568257302064595349e-01
5.574018325036618204e-01
5.579779129376264413e-01
5.585539711444504896e-01
5.591300067609135116e-01
5.597060194244775078e-01
5.602820087732864884e-01
5.608579744461674732e-01
5.614339160826293806e-01
5.620098333228635834e-01
5.625857258077439083e-01
5.631615931788266360e-01
5.637374350783501686e-01
5.643132511492353620e-01
5.648890410350854152e-01
5.654648043801857593e-01
5.660405408295039464e-01
5.666162500286898718e-01
5.671919316240755515e-01
5.677675852626750119e-01
5.683432105921845112e-01
5.689188072609822067e-01
5.694943749181281545e-01
5.700699132133643099e-01
5.706454217971144161e-01
5.712209003204841151e-01
5.717963484352605041e-01
5.723717657939123571e-01
5.729471520495897918e-01
5.735225068561248252e-01
5.740978298680301517e-01
5.746731207405000319e-01
5.752483791294098481e-01
5.758236046913157713e-01
5.763987970834550945e-01
5.769739559637457882e-01
5.775490809907866119e-01
5.781241718238566696e-01
5.786992281229155211e-01
5.792742495486031817e-01
5.798492357622397897e-01
5.804241864258252726e-01
5.809991012020396806e-01
5.815739797542427425e-01
5.821488217464736437e-01
5.827236268434511368e-01
5.832983947105730982e-01
5.838731250139166384e-01
5.844478174202377696e-01
5.850224715969711831e-01
5.855970872122303605e-01
5.861716639348067970e-01
5.867462014341708887e-01
5.873206993804704901e-01
5.878951574445314687e-01
5.884695752978573724e-01
5.890439526126293179e-01
5.896182890617055472e-01
5.901925843186214271e-01
5.907668380575891165e-01
5.913410499534975662e-01
5.919152196819118528e-01
5.924893469190736228e-01
5.930634313419002046e-01
5.936374726279847192e-01
5.942114704555958582e-01
5.947854245036776621e-01
5.953593344518490760e-01
5.959331999804039492e-01
5.965070207703105920e-01
5.970807965032115527e-01
5.976545268614236184e-01
5.982282115279371482e-01
5.988018501864159626e-01
5.993754425211976766e-01
5.999489882172922561e-01
6.005224869603826843e-01
6.010959384368242953e-01
6.016693423336446633e-01
6.022426983385431587e-01
6.028160061398907255e-01
6.033892654267295486e-01
6.039624758887729428e-01
6.045356372164049086e-01
6.051087491006797991e-01
6.056818112333219872e-01
6.062548233067257542e-01
6.068277850139547347e-01
6.074006960487418061e-01
6.079735561054886439e-01
6.085463648792653890e-01
6.091191220658105365e-01
6.096918273615301587e-01
6.102644804634981268e-01
6.108370810694553343e-01
6.114096288778094745e-01
6.119821235876349297e-01
6.125545648986721048e-01
6.131269525113272056e-01
6.136992861266719057e-01
6.142715654464429020e-01
6.148437901730418043e-01
6.154159600095343574e-01
6.159880746596504419e-01
6.165601338277835186e-01
6.171321372189902954e-01
6.177040845389903945e-01
6.182759754941659081e-01
6.188478097915610654e-01
6.194195871388817887e-01
6.199913072444953599e-01
6.205629698174298658e-01
6.211345745673740870e-01
6.217061212046769425e-01
6.222776094403470459e-01
6.228490389860522614e-01
6.234204095541194812e-01
6.239917208575341823e-01
6.245629726099396484e-01
6.251341645256371926e-01
6.257052963195851580e-01
6.262763677073986957e-01
6.268473784053495423e-01
6.274183281303651327e-01
6.279892166000287101e-01
6.285600435325783275e-01
6.291308086469069583e-01
6.297015116625616082e-01
6.302721522997430936e-01
6.308427302793055969e-01
6.314132453227561115e-01
6.319836971522539981e-01
6.325540854906106514e-01
6.331244100612888337e-01
6.336946705884024533e-01
6.342648667967157872e-01
6.348349984116433697e-01
6.354050651592493271e-01
6.359750667662468215e-01
6.365450029599977189e-01
6.371148734685119219e-01
6.376846780204473708e-01
6.382544163451089325e-01
6.388240881724480680e-01
6.393936932330627210e-01
6.399632312581964300e-01
6.405327019797378840e-01
6.411021051302205898e-01
6.416714404428222052e-01
6.422407076513640956e-01
6.428099064903108895e-01
6.433790366947699235e-01
6.439480980004904653e-01
6.445170901438636024e-01
6.450860128619215761e-01
6.456548658923372264e-01
6.462236489734234368e-01
6.467923618441324685e-01
6.473610042440559598e-01
6.479295759134237054e-01
6.484980765931035451e-01
6.490665060246008089e-01
6.496348639500575395e-01
6.502031501122523816e-01
6.507713642545994714e-01
6.513395061211482151e-01
6.519075754565827330e-01
6.524755720062211939e-01
6.530434955160154820e-01
6.536113457325504195e-01
6.541791224030432117e-01
6.547468252753428919e-01
6.553144540979299881e-01
6.558820086199155242e-01
6.564494885910409083e-01
6.570168937616769345e-01
6.575842238828236708e-01
6.581514787061093497e-01
6.587186579837902567e-01
6.592857614687498424e-01
6.598527889144981673e-01
6.604197400751715685e-01
6.609866147055318830e-01
6.615534125609656702e-01
6.621201333974837677e-01
6.626867769717211809e-01
6.632533430409356390e-01
6.638198313630074843e-01
6.643862416964388951e-01
6.649525738003535524e-01
6.655188274344956412e-01
6.660850023592294056e-01
6.666510983355388165e-01
6.672171151250264609e-01
6.677830524899132092e-01
6.683489101930376597e-01
6.689146879978553617e-01
6.694803856684381493e-01
6.700460029694736974e-01
6.706115396662647443e-01
6.711769955247285369e-01
6.717423703113961642e-01
6.723076637934120026e-01
6.728728757385329384e-01
6.734380059151278131e-01
6.740030540921768676e-01
6.745680200392708548e-01
6.751329035266104839e-01
6.756977043250063097e-01
6.762624222058770673e-01
6.768270569412497828e-01
6.773916083037588853e-01
6.779560760666456520e-01
6.785204600037573197e-01
6.790847598895466408e-01
6.796489754990712173e-01
6.802131066079927235e-01
6.807771529925762399e-01
6.813411144296898092e-01
6.819049906968034369e-01
6.824687815719886474e-01
6.830324868339178179e-01
6.835961062618634010e-01
6.841596396356971477e-01
6.847230867358898854e-01
6.852864473435101855e-01
6.858497212402242527e-01
6.864129082082950362e-01
6.869760080305813421e-01
6.875390204905372782e-01
6.881019453722121426e-01
6.886647824602486478e-01
6.892275315398830315e-01
6.897901923969439464e-01
6.903527648178522380e-01
6.909152485896197238e-01
6.914776434998488597e-01
6.920399493367318522e-01
6.926021658890499921e-01
6.931642929461729885e-01
6.937263302980583024e-01
6.942882777352504808e-01
6.948501350488801576e-01
6.954119020306636090e-01
6.959735784729019770e-01
6.965351641684807138e-01
6.970966589108685829e-01
6.976580624941169928e-01
6.982193747128596639e-01
6.987805953623112964e-01
6.993417242382673482e-01
6.999027611371029245e-01
7.004637058557727780e-01
7.010245581918096436e-01
7.015853179433239051e-01
7.021459849090031513e-01
7.027065588881110658e-01
7.032670396804869828e-01
7.038274270865447768e-01
7.043877209072725298e-01
7.049479209442316430e-01
7.055080269995559483e-01
7.060680388759513759e-01
7.066279563766947325e-01
7.071877793056332573e-01
7.077475074671838451e-01
7.083071406663322689e-01
7.088666787086324028e-01
7.094261214002055560e-01
7.099854685477396954e-01
7.105447199584887796e-01
7.111038754402717599e-01
7.116629348014720247e-01
7.122218978510366227e-01
7.127807643984757080e-01
7.133395342538614292e-01
7.138982072278273749e-01
7.144567831315676854e-01
7.150152617768366081e-01
7.155736429759472772e-01
7.161319265417713797e-01
7.166901122877382679e-01
7.172482000278339598e-01
7.178061895766006950e-01
7.183640807491361580e-01
7.189218733610923673e-01
7.194795672286753430e-01
7.200371621686441070e-01
7.205946579983099065e-01
7.211520545355354361e-01
7.217093515987343944e-01
7.222665490068701510e-01
7.228236465794555254e-01
7.233806441365515649e-01
7.239375414987671009e-01
7.244943384872578607e-01
7.250510349237254681e-01
7.256076306304173329e-01
7.261641254301248738e-01
7.267205191461837410e-01
7.272768116024722618e-01
7.278330026234112182e-01
7.283890920339627373e-01
7.289450796596295135e-01
7.295009653264543648e-01
7.300567488610189004e-01
7.306124300904432989e-01
7.311680088423851975e-01
7.317234849450389156e-01
7.322788582271348989e-01
7.328341285179384990e-01
7.333892956472496394e-01
7.339443594454018172e-01
7.344993197432613252e-01
7.350541763722263644e-01
7.356089291642264882e-01
7.361635779517217149e-01
7.367181225677016387e-01
7.372725628456846536e-01
7.378268986197173973e-01
7.383811297243735305e-01
7.389352559947534038e-01
7.394892772664828362e-01
7.400431933757125602e-01
7.405970041591175557e-01
7.411507094538958285e-01
7.417043090977680775e-01
7.422578029289766954e-01
7.428111907862847696e-01
7.433644725089755267e-01
7.439176479368515560e-01
7.444707169102339206e-01
7.450236792699612698e-01
7.455765348573892837e-01
7.461292835143895630e-01
7.466819250833490740e-01
7.472344594071691493e-01
7.477868863292648216e-01
7.483392056935640468e-01
7.488914173445067046e-01
7.494435211270439323e-01
7.499955168866375699e-01
7.505474044692587166e-01
7.510991837213873978e-01
7.516508544900117883e-01
7.522024166226271014e-01
7.527538699672350342e-01
7.533052143723428795e-01
7.538564496869626375e-01
7.544075757606102384e-01
7.549585924433048767e-01
7.555094995855679008e-01
7.560602970384224797e-01
7.566109846533921601e-01
7.571615622825006442e-01
7.577120297782706793e-01
7.582623869937231698e-01
7.588126337823765111e-01
7.593627699982458124e-01
7.599127954958420084e-01
7.604627101301710823e-01
7.610125137567330666e-01
7.615622062315213769e-01
7.621117874110223678e-01
7.626612571522137785e-01
7.632106153125642889e-01
7.637598617500328535e-01
7.643089963230677020e-01
7.648580188906054511e-01
7.654069293120705497e-01
7.659557274473741684e-01
7.665044131569135333e-01
7.670529863015710381e-01
7.676014467427135779e-01
7.681497943421915497e-01
7.686980289623381868e-01
7.692461504659686700e-01
7.697941587163791288e-01
7.703420535773461975e-01
7.708898349131257932e-01
7.714375025884526726e-01
7.719850564685394323e-01
7.725324964190755095e-01
7.730798223062267382e-01
7.736270339966341281e-01
7.741741313574134198e-01
7.747211142561540864e-01
7.752679825609184450e-01
7.758147361402409903e-01
7.763613748631273959e-01
7.769078985990538477e-01
7.774543072179661563e-01
7.780006005902788679e-01
7.785467785868745993e-01
7.790928410791032599e-01
7.796387879387808306e-01
7.801846190381890311e-01
7.807303342500742094e-01
7.812759334476466755e-01
7.818214165045797026e-01
7.823667832950087497e-01
7.829120336935309066e-01
7.834571675752036723e-01
7.840021848155444006e-01
7.845470852905293002e-01
7.850918688765928799e-01
7.856365354506269494e-01
7.861810848899795090e-01
7.867255170724547497e-01
7.872698318763112768e-01
7.878140291802618878e-01
7.883581088634724621e-01
7.889020708055614062e-01
7.894459148865986542e-01
7.899896409871048908e-01
7.905332489880506630e-01
7.910767387708556031e-01
7.916201102173877624e-01
7.921633632099625011e-01
7.927064976313419331e-01
7.932495133647339269e-01
7.937924102937913284e-01
7.943351883026110727e-01
7.948778472757337399e-01
7.954203870981421121e-01
7.959628076552609510e-01
7.965051088329557771e-01
7.970472905175323142e-01
7.975893525957353791e-01
7.981312949547482161e-01
7.986731174821919410e-01
7.992148200661243207e-01
7.997564025950391065e-01
8.002978649578651460e-01
8.008392070439657173e-01
8.013804287431376405e-01
8.019215299456103896e-01
8.024625105420454263e-01
8.030033704235352010e-01
8.035441094816024865e-01
8.040847276081996009e-01
8.046252246957072973e-01
8.051656006369342089e-01
8.057058553251159605e-01
8.062459886539145026e-01
8.067860005174168903e-01
8.073258908101350606e-01
8.078656594270043900e-01
8.084053062633833608e-01
8.089448312150525622e-01
8.094842341782138018e-01
8.100235150494892178e-01
8.105626737259211678e-01
8.111017101049703415e-01
8.116406240845156495e-01
8.121794155628533352e-01
8.127180844386958647e-01
8.132566306111714827e-01
8.137950539798232130e-01
8.143333544446079708e-01
8.148715319058960072e-01
8.154095862644697990e-01
8.159475174215234938e-01
8.164853252786620219e-01
8.170230097379000966e-01
8.175605707016617707e-01
8.180980080727793258e-01
8.186353217544924954e-01
8.191725116504479098e-01
8.197095776646979859e-01
8.202465197017001497e-01
8.207833376663163927e-01
8.213200314638120503e-01
8.218566009998551358e-01
8.223930461805154524e-01
8.229293669122642596e-01
8.234655631019727196e-01
8.240016346569115635e-01
8.245375814847502038e-01
8.250734034935559569e-01
8.256091005917932657e-01
8.261446726883228120e-01
8.266801196924006279e-01
8.272154415136775407e-01
8.277506380621982851e-01
8.282857092484005035e-01
8.288206549831141912e-01
8.293554751775609191e-01
8.298901697433528346e-01
8.304247385924918845e-01
8.309591816373693707e-01
8.314934987907646180e-01
8.320276899658445302e-01
8.325617550761627017e-01
8.330956940356587515e-01
8.336295067586572127e-01
8.341631931598669780e-01
8.346967531543808549e-01
8.352301866576737899e-01
8.357634935856029790e-01
8.362966738544068690e-01
8.368297273807040471e-01
8.373626540814926855e-01
8.378954538741498759e-01
8.384281266764307405e-01
8.389606724064674337e-01
8.394930909827685861e-01
8.400253823242186391e-01
8.405575463500766231e-01
8.410895829799758250e-01
8.416214921339226773e-01
8.421532737322962037e-01
8.426849276958470192e-01
8.432164539456967756e-01
8.437478524033372729e-01
8.442791229906296824e-01
8.448102656298036583e-01
8.453412802434567830e-01
8.458721667545534562e-01
8.464029250864247844e-01
8.469335551627668046e-01
8.474640569076404839e-01
8.479944302454707206e-01
8.485246751010454558e-01
8.490547913995151186e-01
8.495847790663916266e-01
8.501146380275477199e-01
8.506443682092161840e-01
8.511739695379890724e-01
8.517034419408169299e-01
8.522327853450080148e-01
8.527619996782275225e-01
8.532910848684969185e-01
8.538200408441929401e-01
8.543488675340470406e-01
8.548775648671446126e-01
8.554061327729239883e-01
8.559345711811759960e-01
8.564628800220429605e-01
8.569910592260180371e-01
8.575191087239444343e-01
8.580470284470145259e-01
8.585748183267695177e-01
8.591024782950980043e-01
8.596300082842357471e-01
8.601574082267647858e-01
8.606846780556125509e-01
8.612118177040511968e-01
8.617388271056968252e-01
8.622657061945087076e-01
8.627924549047887304e-01
8.633190731711802846e-01
8.638455609286677106e-01
8.643719181125756323e-01
8.648981446585679578e-01
8.654242405026474350e-01
8.659502055811545418e-01
8.664760398307670419e-01
8.670017431884990966e-01
8.675273155917004875e-01
8.680527569780559505e-01
8.685780672855842877e-01
8.691032464526379231e-01
8.696282944179016816e-01
8.701532111203927888e-01
8.706779964994590948e-01
8.712026504947792960e-01
8.717271730463614920e-01
8.722515640945429638e-01
8.727758235799889519e-01
8.732999514436924349e-01
8.738239476269730188e-01
8.743478120714762714e-01
8.748715447191729444e-01
8.753951455123585301e-01
8.759186143936520397e-01
8.764419513059956701e-01
8.769651561926539163e-01
8.774882289972127936e-01
8.780111696635791718e-01
8.785339781359801092e-01
8.790566543589618531e-01
8.795791982773895068e-01
8.801016098364459195e-01
8.806238889816312421e-01
8.811460356587619280e-01
8.816680498139705113e-01
8.821899313937041631e-01
8.827116803447243587e-01
8.832332966141063224e-01
8.837547801492379174e-01
8.842761308978192014e-01
8.847973488078616500e-01
8.853184338276873788e-01
8.858393859059282560e-01
8.863602049915256798e-01
8.868808910337293572e-01
8.874014439820968603e-01
8.879218637864927377e-01
8.884421503970879597e-01
8.889623037643590298e-01
8.894823238390875408e-01
8.900022105723591759e-01
8.905219639155632638e-01
8.910415838203916694e-01
8.915610702388384601e-01
8.920804231231991288e-01
8.925996424260695949e-01
8.931187281003462042e-01
8.936376800992240632e-01
8.941564983761969287e-01
8.946751828850565413e-01
8.951937335798915152e-01
8.957121504150871161e-01
8.962304333453242622e-01
8.967485823255788580e-01
8.972665973111211279e-01
8.977844782575149507e-01
8.983022251206170816e-01
8.988198378565764868e-01
8.993373164218336768e-01
8.998546607731199298e-01
9.003718708674568472e-01
9.008889466621552433e-01
9.014058881148148128e-01
9.019226951833232420e-01
9.024393678258556539e-01
9.029559060008737204e-01
9.034723096671251064e-01
9.039885787836429154e-01
9.045047133097446901e-01
9.050207132050320791e-01
9.055365784293898379e-01
9.060523089429852739e-01
9.065679047062674689e-01
9.070833656799669464e-01
9.075986918250944502e-01
9.081138831029407221e-01
9.086289394750756143e-01
9.091438609033474227e-01
9.096586473498822212e-01
9.101732987770830841e-01
9.106878151476297534e-01
9.112021964244775285e-01
9.117164425708569331e-01
9.122305535502727158e-01
9.127445293265035176e-01
9.132583698636010938e-01
9.137720751258894269e-01
9.142856450779642818e-01
9.147990796846924288e-01
9.153123789112111997e-01
9.158255427229273771e-01
9.163385710855171951e-01
9.168514639649248954e-01
9.173642213273626167e-01
9.178768431393096172e-01
9.183893293675114977e-01
9.189016799789795353e-01
9.194138949409902395e-01
9.199259742210844637e-01
9.204379177870668505e-01
9.209497256070050542e-01
9.214613976492294078e-01
9.219729338823318132e-01
9.224843342751655184e-01
9.229955987968441189e-01
9.235067274167411133e-01
9.240177201044892374e-01
9.245285768299796869e-01
9.250392975633616732e-01
9.255498822750415355e-01
9.260603309356822965e-01
9.265706435162028853e-01
9.270808199877774713e-01
9.275908603218351312e-01
9.281007644900588494e-01
9.286105324643848524e-01
9.291201642170022756e-01
9.296296597203522749e-01
9.301390189471275827e-01
9.306482418702716197e-01
9.311573284629781622e-01
9.316662786986903422e-01
9.321750925511003150e-01
9.326837699941485926e-01
9.331923110020231560e-01
9.337007155491592325e-01
9.342089836102382971e-01
9.347171151601876282e-01
9.352251101741796413e-01
9.357329686276313341e-01
9.362406904962033982e-01
9.367482757557998863e-01
9.372557243825675455e-01
9.377630363528950408e-01
9.382702116434122885e-01
9.387772502309903455e-01
9.392841520927400767e-01
9.397909172060120442e-01
9.402975455483956191e-01
9.408040370977185374e-01
9.413103918320460117e-01
9.418166097296806205e-01
9.423226907691610865e-01
9.428286349292621660e-01
9.433344421889937603e-01
9.438401125276003611e-01
9.443456459245603840e-01
9.448510423595857244e-01
9.453563018126210915e-01
9.458614242638432312e-01
9.463664096936604819e-01
9.468712580827122194e-01
9.473759694118680796e-01
9.478805436622275149e-01
9.483849808151191274e-01
9.488892808521000033e-01
9.493934437549551575e-01
9.498974695056969786e-01
9.504013580865646738e-01
9.509051094800234916e-01
9.514087236687643889e-01
9.519122006357030319e-01
9.524155403639796846e-01
9.529187428369582102e-01
9.534218080382257376e-01
9.539247359515918845e-01
9.544275265610884240e-01
9.549301798509685080e-01
9.554326958057060004e-01
9.559350744099951447e-01
9.564373156487495642e-01
9.569394195071022624e-01
9.574413859704045127e-01
9.579432150242256361e-01
9.584449066543521134e-01
9.589464608467872520e-01
9.594478775877504084e-01
9.599491568636766559e-01
9.604502986612160065e-01
9.609513029672326345e-01
9.614521697688050983e-01
9.619528990532248969e-01
9.624534908079961371e-01
9.629539450208352003e-01
9.634542616796699654e-01
9.639544407726392539e-01
